0.10000 0.80000 1.00000 1.00000 1.00000 1.00000 0.04900
0.20000 0.80000 1.00000 1.00000 1.00000 1.00000 0.04900
0.30000 0.80000 1.00000 1.00000 1.00000 1.00000 0.04900
0.40000 0.80000 1.00000 1.00000 1.00000 1.00000 0.04900
0.50000 0.80000 1.00000 1.00000 1.00000 1.00000 0.04900
0.30000 0.60000 1.00000 1.00000 1.00000 1.00000 0.04900
0.30000 0.70000 1.00000 1.00000 1.00000 1.00000 0.04900
0.30000 0.80000 1.00000 1.00000 1.00000 1.00000 0.04900
0.30000 0.90000 1.00000 1.00000 1.00000 1.00000 0.04900
0.30000 1.00000 1.00000 1.00000 1.00000 1.00000 0.04900
0.30000 0.80000 0.25000 1.00000 1.00000 1.00000 0.04900
0.30000 0.80000 0.50000 1.00000 1.00000 1.00000 0.04900
0.30000 0.80000 1.00000 1.00000 1.00000 1.00000 0.04900
0.30000 0.80000 2.00000 1.00000 1.00000 1.00000 0.04900
0.30000 0.80000 4.00000 1.00000 1.00000 1.00000 0.04900
0.30000 0.80000 1.00000 0.25000 1.00000 1.00000 0.04900
0.30000 0.80000 1.00000 0.50000 1.00000 1.00000 0.04900
0.30000 0.80000 1.00000 1.00000 1.00000 1.00000 0.04900
0.30000 0.80000 1.00000 2.00000 1.00000 1.00000 0.04900
0.30000 0.80000 1.00000 4.00000 1.00000 1.00000 0.04900
0.30000 0.80000 1.00000 1.00000 0.50000 1.00000 0.04900
0.30000 0.80000 1.00000 1.00000 0.70711 1.00000 0.04900
0.30000 0.80000 1.00000 1.00000 1.00000 1.00000 0.04900
0.30000 0.80000 1.00000 1.00000 1.41421 1.00000 0.04900
0.30000 0.80000 1.00000 1.00000 2.00000 1.00000 0.04900
0.30000 0.80000 1.00000 1.00000 1.00000 0.25000 0.04900
0.30000 0.80000 1.00000 1.00000 1.00000 0.50000 0.04900
0.30000 0.80000 1.00000 1.00000 1.00000 1.00000 0.04900
0.30000 0.80000 1.00000 1.00000 1.00000 2.00000 0.04900
0.30000 0.80000 1.00000 1.00000 1.00000 4.00000 0.04900
0.30000 0.80000 1.00000 1.00000 1.00000 1.00000 0.01000
0.30000 0.80000 1.00000 1.00000 1.00000 1.00000 0.02950
0.30000 0.80000 1.00000 1.00000 1.00000 1.00000 0.04900
0.30000 0.80000 1.00000 1.00000 1.00000 1.00000 0.06950
0.30000 0.80000 1.00000 1.00000 1.00000 1.00000 0.09000
